2017_99998242.jpg;0;0;0;0;0
2017_99992296.jpg;0;0;0;0;0
2017_99980378.jpg;0;0;0;0;0
2017_99978221.jpg;0;0;0;0;0
2017_99975215.png;0;0;0;0;0
2017_99974413.jpg;1;1;1;1;0
2017_99959804.jpg;0;0;0;0;0
2017_99958253.jpg;0;0;0;0;0
2017_99954204.jpg;1;1;1;0;0
2017_99948984.jpg;0;0;0;0;0
2017_99928344.jpg;1;1;0;0;0
2017_99921660.jpg;1;1;1;0;0
2017_99919904.jpg;0;0;0;0;0
2017_99913706.jpg;1;1;1;1;0
2017_99888608.jpg;1;1;1;0;1
2017_99870808.jpg;1;0;0;0;0
2017_99870094.jpg;0;0;0;0;0
2017_99847784.jpg;0;0;0;0;0
2017_99846167.jpg;0;0;0;0;0
2017_99846150.jpg;1;1;1;1;0
2017_99845352.jpg;0;0;0;0;0
2017_99839210.jpg;0;0;0;0;0
2017_99836119.jpg;1;1;1;0;0
2017_99830612.jpg;1;1;1;0;0
2017_99828522.jpg;1;0;1;0;0
2017_99821707.jpg;0;0;0;0;0
2017_99818693.jpg;1;0;0;0;0
2017_99818341.jpg;1;1;1;0;0
2017_99768390.jpg;1;1;1;0;0
2017_99763147.jpg;1;1;1;0;0
2017_99757134.jpg;1;1;1;0;0
2017_99747528.jpg;0;0;0;0;0
2017_99747301.jpg;0;0;0;0;0
2017_99741112.jpg;1;1;1;0;0
2017_99734283.jpg;1;0;0;0;0
2017_99729797.jpg;1;1;1;0;0
2017_99728724.jpg;0;0;0;0;0
2017_99724010.jpg;0;0;0;0;0
2017_99721456.jpg;1;0;1;0;0
2017_99702288.jpg;0;0;0;0;0
2017_99698589.jpg;1;1;1;0;0
2017_99698275.jpg;1;1;1;0;0
2017_99674448.jpg;1;1;1;0;0
2017_99671927.jpg;1;1;1;0;0
2017_99670226.jpg;0;0;0;0;0
2017_99666687.jpg;0;0;0;0;0
2017_99666395.jpg;1;1;1;0;0
2017_99658157.jpg;0;0;0;0;0
2017_99656251.jpg;0;0;0;0;0
2017_99655940.jpg;1;1;1;1;0
2017_99648657.jpg;1;1;1;0;0
2017_99627470.jpg;1;0;0;0;0
2017_99620513.jpg;1;1;1;0;0
2017_99617810.jpg;1;1;1;0;0
2017_99614426.jpg;1;1;1;0;0
2017_99608186.jpg;0;0;0;0;0
2017_99607364.jpg;0;0;0;0;0
2017_99605135.jpg;0;0;0;0;0
2017_99605033.jpg;1;1;1;0;1
2017_99588156.jpg;0;0;0;0;0
2017_99581038.jpg;1;1;1;0;0
2017_99566958.jpg;0;0;0;0;0
2017_99556846.jpg;0;0;0;0;0
2017_99552930.jpg;1;1;1;0;0
2017_99542373.jpg;1;1;1;0;0
2017_99540616.jpg;0;0;0;0;0
2017_99530669.jpg;0;0;0;0;0
2017_99525419.jpg;0;0;0;0;0
2017_99507378.jpg;0;0;0;0;0
2017_99491532.jpg;0;0;0;0;0
2017_99472771.jpg;0;0;0;0;0
2017_99471865.jpg;0;0;0;0;0
2017_99466799.jpg;0;0;0;0;0
2017_99464900.jpg;0;0;0;0;0
2017_99463518.jpg;0;0;0;0;0
2017_99457874.jpg;0;0;0;0;0
2017_99453755.jpg;1;1;1;0;0
2017_99450640.jpg;1;0;1;0;0
2017_99430779.jpg;1;0;0;0;0
2017_99418364.jpg;0;0;0;0;0
2017_99412619.jpg;1;1;1;0;0
2017_99409661.jpg;0;0;0;0;0
2017_99409507.jpg;1;1;1;0;0
2017_99399886.jpg;0;0;0;0;0
2017_99385131.jpg;1;1;1;0;0
2017_99384592.jpg;1;1;1;1;0
2017_99368100.jpg;1;1;1;1;0
2017_99362308.jpg;0;0;0;0;0
2017_99358236.jpg;0;0;0;0;0
2017_99355703.jpg;0;0;0;0;0
2017_99350862.jpg;1;0;1;0;0
2017_99344024.jpg;0;0;0;0;0
2017_99327412.jpg;1;1;1;1;0
2017_99306788.jpg;1;1;1;0;0
2017_99290112.jpg;1;1;1;0;0
2017_99286193.jpg;0;0;0;0;0
2017_99256314.jpg;1;1;1;0;0
2017_99255334.jpg;1;1;1;0;0
2017_99252863.jpg;1;1;1;1;0
2017_99249264.jpg;0;0;0;0;0
2017_99232135.jpg;0;0;0;0;0
2017_99231195.jpg;0;0;0;0;0
2017_99225241.jpg;0;0;0;0;0
2017_99181063.jpg;0;0;0;0;0
2017_99180955.jpg;1;1;1;0;0
2017_99180780.jpg;0;0;0;0;0
2017_99173899.jpg;0;0;0;0;0
2017_99158365.jpg;0;0;0;0;0
2017_99153033.jpg;0;0;0;0;0
2017_99139570.jpg;1;1;1;1;0
2017_99134536.jpg;0;0;0;0;0
2017_99104915.jpg;1;1;1;0;0
2017_99084296.jpg;1;1;1;0;0
2017_99077781.jpg;1;1;1;0;0
2017_99064713.jpg;1;1;1;0;0
2017_99045739.jpg;0;0;0;0;0
2017_99023897.jpg;0;0;0;0;0
2017_99019155.jpg;0;0;0;0;0
2017_99019017.jpg;1;1;1;1;1
2017_99017301.jpg;0;0;0;0;0
2017_99013296.png;1;1;1;0;0
2017_99004755.jpg;1;1;1;0;0
2017_99000278.jpg;0;0;1;0;0
2017_98999578.jpg;0;0;0;0;0
2017_98996893.jpg;1;1;1;0;0
2017_98990102.jpg;0;0;0;0;0
2017_98988609.jpg;0;0;0;0;0
2017_98972249.jpg;1;1;1;1;0
2017_98971334.jpg;1;1;1;0;0
2017_98966810.jpg;0;0;0;0;0
2017_98963675.jpg;0;0;0;0;0
2017_98959812.jpg;0;0;0;0;0
2017_98953911.jpg;0;0;0;0;0
2017_98943883.jpg;1;1;1;0;0
2017_98916685.jpg;1;1;1;0;0
2017_98905382.jpg;0;0;0;0;0
2017_98901748.jpg;0;0;0;0;0
2017_98900838.jpg;0;0;0;0;0
2017_98894212.jpg;0;0;1;0;0
2017_98883229.jpg;0;0;0;0;0
2017_98876975.jpg;0;0;0;0;0
2017_98859546.jpg;0;0;0;0;0
2017_98855235.jpg;0;0;0;0;0
2017_98843671.jpg;1;1;1;0;0
2017_98827527.jpg;1;1;1;1;0
2017_98804374.jpg;1;1;1;0;0
2017_98802540.jpg;1;1;1;0;0
2017_98801904.jpg;0;0;0;0;0
2017_98792794.jpg;0;0;0;0;0
2017_98791356.jpg;1;1;1;0;0
2017_98784024.jpg;0;0;0;0;0
2017_98783669.jpg;0;0;0;0;0
2017_98783050.jpg;0;0;0;0;0
2017_98768675.jpg;1;1;1;0;0
2017_98756432.jpg;1;1;1;0;0
2017_98753813.jpg;1;1;1;0;0
2017_98744565.jpg;0;0;0;0;0
2017_98744246.jpg;1;1;1;0;0
2017_98735747.jpg;0;0;0;0;0
2017_98717133.jpg;0;0;0;0;0
2017_98704767.jpg;1;1;1;1;0
2017_98696642.jpg;0;0;0;0;0
2017_98688050.jpg;1;1;1;0;0
2017_98675501.jpg;1;0;1;0;1
2017_98675150.jpg;1;0;0;0;0
2017_98668534.jpg;0;0;0;0;0
2017_98651970.jpg;0;0;0;0;0
2017_98612759.jpg;1;1;1;0;1
2017_98602965.jpg;1;1;1;1;0
2017_98600168.jpg;1;1;1;1;0
2017_98577600.jpg;0;0;0;0;0
2017_98573279.jpg;1;1;1;0;0
2017_98571352.jpg;1;1;0;0;0
2017_98563496.jpg;0;0;0;0;0
2017_98540333.jpg;0;0;0;0;0
2017_98522359.jpg;0;0;1;0;0
2017_98511896.jpg;0;0;0;0;0
2017_98503060.jpg;1;1;1;0;0
2017_98502700.jpg;1;0;1;0;0
2017_98502646.jpg;1;1;1;0;0
2017_98481262.jpg;1;1;1;0;0
2017_98474862.jpg;0;0;0;0;0
2017_98449307.jpg;1;1;1;0;1
2017_98446710.jpg;1;1;1;0;0
2017_98445603.jpg;1;1;1;0;0
2017_98432693.jpg;0;0;0;0;0
2017_98422262.jpg;0;0;0;0;0
2017_98421373.jpg;1;1;1;0;1
2017_98398730.jpg;0;0;0;0;0
2017_98391222.jpg;1;1;1;0;0
2017_98376801.jpg;0;0;0;0;0
2017_98374596.jpg;0;0;0;0;0
2017_98359732.jpg;1;1;1;0;0
2017_98332935.jpg;1;1;1;0;0
2017_98331494.jpg;1;1;1;0;0
2017_98318829.jpg;0;0;0;0;0
2017_98318552.jpg;1;1;1;0;0
2017_98303300.jpg;0;0;0;0;0
2017_98288569.jpg;1;1;1;0;0
2017_98273751.jpg;0;0;0;0;0
2017_98252110.jpg;1;1;1;0;0
